world: 5f9abbfc-40c0-40f2-bcf6-785ccb676ee9
world-name: Survival
x: 1.5148777523498635
y: 72.0
z: 55.418214607405105
yaw: -0.6505126953125
pitch: -1.2613959312438965
name: Cajas
lastowner: 24d190f0-6cb2-337e-8d63-c8695e245384
