world: 5f9abbfc-40c0-40f2-bcf6-785ccb676ee9
world-name: Survival
x: -168.29226859976959
y: 63.0
z: 25.695716454490874
yaw: 177.956787109375
pitch: -2.0447304248809814
name: Mina
lastowner: 24d190f0-6cb2-337e-8d63-c8695e245384
