world: 5f9abbfc-40c0-40f2-bcf6-785ccb676ee9
world-name: Survival
x: -569.7181201418668
y: 63.0
z: 102.44355077156928
yaw: 89.421875
pitch: -0.4779619872570038
name: PVP
lastowner: 24d190f0-6cb2-337e-8d63-c8695e245384
